Time:    456.321
Comp:    10.2435
Comm:    446.078
GFLOPS:  28723.6
L2:      1.94759
Time:    456.044
Comp:    10.3812
Comm:    445.662
GFLOPS:  28741.1
L2:      1.94759
