Time:    87.5241
Comp:    33.9768
Comm:    53.5474
GFLOPS:  149755
L2:      0.973794
Time:    89.9575
Comp:    33.8168
Comm:    56.1406
GFLOPS:  145704
L2:      0.973794
