Mat mult:  7.09431
Broadcast: 0.000186238
Gather:    0.000439567
Time:      7.43565
