Mat mult:  0.907891
Broadcast: 0.000456524
Gather:    0.000256196
Time:      1.02633
