Mat mult:  0.924292
Broadcast: 0.000864084
Gather:    6.99326e-05
Time:      1.07311
