Mat mult:  0.227327
Broadcast: 0.000831328
Gather:    0.000382367
Time:      0.466605
