Time:    265.776
Comp:    42.388
Comm:    223.388
GFLOPS:  49316.6
L2:      0.973794
Time:    266.513
Comp:    42.2394
Comm:    224.273
GFLOPS:  49180.4
L2:      0.973794
Time:    31.31
Comp:    5.39899
Comm:    25.911
GFLOPS:  209313
L2:      0.389518
