Mat mult:  0.907694
Broadcast: 0.000329788
Gather:    0.000254731
Time:      1.09431
