Mat mult:  0.0517644
Broadcast: 0.0209233
Gather:    0.0132066
Time:      4.87068
