Mat mult:  0.0287795
Broadcast: 0.00149931
Gather:    0.000307918
Time:      0.395874
