Mat mult:  1.85537
Broadcast: 0.000170103
Gather:    3.86605e-05
Comm:      0.000208763
Time:      2.08519
Pragma:    0.451033
