Mat mult:  0.462548
Broadcast: 0.000997295
Gather:    0.000662268
Time:      0.71819
