1024
Time:    0.0866231
Comp:    0.0466194
Comm:    0.0400036
GFLOPS:  819200
Time:    1.25097
Comp:    0.67997
Comm:    0.570996
GFLOPS:  3.2768e+06
Time:    130.541
Comp:    81.2128
Comm:    49.3285
GFLOPS:  25101.6
L2:      0.108748
Time:    131.171
Comp:    80.8229
Comm:    50.3485
GFLOPS:  24981.1
L2:      0.108748
