Mat mult:  0.906124
Broadcast: 0.000323898
Gather:    0.000169862
Comm:      0.00049376
Time:      1.08352
Pragma:    0.433744
