Mat mult:  0.463105
Broadcast: 0.00110624
Gather:    0.00062393
Time:      0.713717
