Time:    458.398
Comp:    6.00967
Comm:    452.388
GFLOPS:  28593.5
L2:      3.89518
Time:    458.028
Comp:    5.93942
Comm:    452.089
GFLOPS:  28616.6
L2:      3.89518
